13313505787
13036487291
15829713047
13638927054
14741647610
18031427661
15514482304
13424868753
13331492275
18091293106
13915660239
13342639994
15673362191
18117983664
18068409160
13563537603
13328660971
18928015486
18236759424
15755032879
18036187372
13193950139
15934457160
18121736142
13728678327
14535642779
18802835970
13674851181
18132958838
15379795911
18582692491
18633617771
15736514637
18280099255
14592814283
14766491612
18250762790
18831891002
15763696254
13096256645
13699107237
14583323002
13119054338
15128639179
18952620628
13595227424
18739972062
15650311419
13454018322
15093555563
